Tag Strain Sex grp Agewks ME
204 3 1 1 32.43 123.22
204 3 1 1 33.43 125.56
204 3 1 1 34.43 122.94
204 3 1 1 35.43 123.00
204 3 1 1 36.43 117.83
204 3 1 1 37.43 107.25
204 3 1 1 38.43 108.58
204 3 1 1 39.43 108.79
204 3 1 1 40.43  91.15
204 3 1 1 41.43 103.05
204 3 1 1 42.43 104.08
204 3 1 1 43.43 101.38
204 3 1 1 44.43 108.39
204 3 1 1 45.43 105.42
204 3 1 1 46.43 148.74
204 3 1 1 47.43 150.79
204 3 1 1 48.43 177.95
204 3 1 1 49.43 138.33
204 3 1 1 50.43 200.73
204 3 1 1 51.57 178.06
204 3 1 1 52.43 205.28
204 3 1 1 53.43 221.30
204 3 1 1 54.43 163.91
204 3 1 1 55.43 154.77
204 3 1 1 56.43 251.86
204 3 1 1 57.43 258.23
204 3 1 1 58.43 226.38
204 3 1 1 59.43 205.92
204 3 1 1 60.43 239.57
204 3 1 1 61.43 226.46
204 3 1 1 62.43 225.79
204 3 1 1 63.43 163.51
204 3 1 1 64.43 169.15
204 3 1 1 65.43 160.76
204 3 1 1 66.43 175.54
204 3 1 1 67.43 248.19
204 3 1 1 68.43 224.83
204 3 1 1 69.43 189.56
204 3 1 1 70.43 189.06
204 3 1 1 71.43 186.34
204 3 1 1 72.43 161.93
204 3 1 1 73.71 188.49
204 3 1 1 74.43 118.61
204 3 1 1 75.57 138.85
204 3 1 1 76.43 140.96
204 3 1 1 77.57 141.16
204 3 1 1 78.43 147.57
204 3 1 1 79.43 141.82
204 3 1 1 80.43 130.56
204 3 1 1 81.43 127.41
204 3 1 1 82.43 137.94
204 3 1 1 83.71 120.61
204 3 1 1 84.43 138.50
204 3 1 1 85.43 122.18
204 3 1 1 86.43 118.41
207 3 1 1 32.00 133.05
207 3 1 1 33.00 131.76
207 3 1 1 34.00 137.45
207 3 1 1 35.00 128.62
207 3 1 1 36.00 129.41
207 3 1 1 37.00 129.24
207 3 1 1 38.00 131.05
207 3 1 1 39.00 124.71
207 3 1 1 40.00 119.93
207 3 1 1 41.00 117.09
207 3 1 1 42.00 126.43
207 3 1 1 43.00 135.19
207 3 1 1 44.00 138.11
207 3 1 1 45.00  67.87
207 3 1 1 46.00 138.33
207 3 1 1 47.00 170.45
207 3 1 1 48.00 168.70
207 3 1 1 49.00 138.56
207 3 1 1 50.00 132.75
207 3 1 1 51.14 100.96
207 3 1 1 52.00 177.44
207 3 1 1 53.00 212.64
207 3 1 1 54.00 205.68
207 3 1 1 55.00 214.56
207 3 1 1 56.00 207.87
207 3 1 1 57.00 214.94
207 3 1 1 58.00 213.86
207 3 1 1 59.00 211.30
207 3 1 1 60.00 234.54
207 3 1 1 61.00 240.15
207 3 1 1 62.00 201.81
207 3 1 1 63.00 181.76
207 3 1 1 64.00 146.33
207 3 1 1 65.00 206.39
207 3 1 1 66.00 189.58
207 3 1 1 67.00 223.74
207 3 1 1 68.00 209.74
207 3 1 1 69.00 213.08
207 3 1 1 70.00 227.56
207 3 1 1 71.00 191.84
207 3 1 1 72.00 171.05
207 3 1 1 73.29 208.73
207 3 1 1 74.00 161.31
207 3 1 1 75.14 185.42
207 3 1 1 76.00 186.48
207 3 1 1 77.14 175.21
207 3 1 1 78.00 208.06
207 3 1 1 79.00 167.79
207 3 1 1 80.00 152.79
207 3 1 1 81.00 153.50
207 3 1 1 82.00 149.64
207 3 1 1 83.29 147.40
207 3 1 1 84.00 126.92
207 3 1 1 85.00 125.58
207 3 1 1 86.00 109.63
216 3 1 1 30.71  78.64
216 3 1 1 31.71  73.72
216 3 1 1 32.71 111.36
216 3 1 1 33.71 131.90
216 3 1 1 34.71  92.67
216 3 1 1 35.71  77.29
216 3 1 1 36.71  89.75
216 3 1 1 37.71  91.71
216 3 1 1 38.71  85.77
216 3 1 1 39.71  85.15
216 3 1 1 40.71  80.80
216 3 1 1 41.71  90.85
216 3 1 1 42.71 101.72
216 3 1 1 43.71  64.24
216 3 1 1 44.71  92.35
216 3 1 1 45.71 116.39
216 3 1 1 46.71 117.46
216 3 1 1 47.71 108.26
216 3 1 1 48.71 141.99
216 3 1 1 49.86 134.54
216 3 1 1 50.71 151.58
216 3 1 1 51.71 151.45
216 3 1 1 52.71 152.91
216 3 1 1 53.71 153.48
216 3 1 1 54.71 178.62
216 3 1 1 55.71 163.58
216 3 1 1 56.71 177.71
216 3 1 1 57.71 171.17
216 3 1 1 58.71 176.97
216 3 1 1 59.71 163.17
216 3 1 1 60.71 145.88
216 3 1 1 61.71 175.33
216 3 1 1 62.71 153.12
216 3 1 1 63.71 177.38
216 3 1 1 64.71 155.77
216 3 1 1 65.71 165.00
216 3 1 1 66.71 160.13
216 3 1 1 67.71 171.89
216 3 1 1 68.71 188.36
216 3 1 1 69.71 199.56
216 3 1 1 70.71 172.22
216 3 1 1 72.00 225.82
216 3 1 1 72.71 129.61
216 3 1 1 73.86 171.73
216 3 1 1 74.71 188.58
216 3 1 1 75.86 202.71
216 3 1 1 76.71 179.62
216 3 1 1 77.71 167.91
216 3 1 1 78.71 155.36
216 3 1 1 79.71 138.99
216 3 1 1 80.71 138.29
216 3 1 1 82.00 132.54
216 3 1 1 82.71 130.43
216 3 1 1 83.71 127.92
216 3 1 1 84.71  97.93
217 3 1 1 30.43 142.52
217 3 1 1 31.43 101.45
217 3 1 1 32.43 126.22
217 3 1 1 33.43 117.15
217 3 1 1 34.43  99.81
217 3 1 1 35.43  86.89
217 3 1 1 36.43  87.99
217 3 1 1 37.43  82.12
217 3 1 1 38.43  80.62
217 3 1 1 39.43  85.73
217 3 1 1 40.43  89.93
217 3 1 1 41.43 100.21
217 3 1 1 42.43 110.97
217 3 1 1 43.43 104.02
217 3 1 1 44.43 127.45
217 3 1 1 45.43  87.50
217 3 1 1 46.43 139.57
217 3 1 1 47.43 122.77
217 3 1 1 48.43 153.69
217 3 1 1 49.57 142.61
217 3 1 1 50.43 153.69
217 3 1 1 51.43 157.77
217 3 1 1 52.43 172.45
217 3 1 1 53.43 199.11
217 3 1 1 54.43 214.30
217 3 1 1 55.43 217.05
217 3 1 1 56.43 242.65
217 3 1 1 57.43 225.22
217 3 1 1 58.43 222.13
217 3 1 1 59.43 220.73
217 3 1 1 60.43 210.23
217 3 1 1 61.43 210.07
217 3 1 1 62.43 207.06
217 3 1 1 63.43 220.32
217 3 1 1 64.43 182.44
217 3 1 1 65.43 167.23
217 3 1 1 66.43 167.97
217 3 1 1 67.43 179.62
217 3 1 1 68.43 185.20
217 3 1 1 69.43 190.08
217 3 1 1 70.43 157.83
217 3 1 1 71.71 210.72
217 3 1 1 72.43 160.61
217 3 1 1 73.57 147.28
217 3 1 1 74.43 180.86
217 3 1 1 75.57 171.23
217 3 1 1 76.43 162.66
217 3 1 1 77.43 125.20
217 3 1 1 78.43 126.46
217 3 1 1 79.43 131.27
217 3 1 1 80.43 128.93
217 3 1 1 81.71 127.39
217 3 1 1 82.43 133.12
217 3 1 1 83.43 108.26
217 3 1 1 84.43 102.84
218 3 1 1 30.43 120.41
218 3 1 1 31.43 111.87
218 3 1 1 32.43 108.32
218 3 1 1 33.43 107.91
218 3 1 1 34.43  99.34
218 3 1 1 35.43  99.88
218 3 1 1 36.43 106.59
218 3 1 1 37.43  99.90
218 3 1 1 38.43 115.25
218 3 1 1 39.43 123.29
218 3 1 1 40.43 111.92
218 3 1 1 41.43 127.36
218 3 1 1 42.43 138.81
218 3 1 1 43.43  86.24
218 3 1 1 44.43 147.22
218 3 1 1 45.43 156.17
218 3 1 1 46.43 140.62
218 3 1 1 47.43 145.46
218 3 1 1 48.43 169.02
218 3 1 1 49.57 162.15
218 3 1 1 50.43 163.98
218 3 1 1 51.43 170.29
218 3 1 1 52.43 187.31
218 3 1 1 53.43 193.96
218 3 1 1 54.43 223.54
218 3 1 1 55.43 214.12
218 3 1 1 56.43 221.23
218 3 1 1 57.43 223.12
218 3 1 1 58.43 227.40
218 3 1 1 59.43 226.46
218 3 1 1 60.43 256.21
218 3 1 1 61.43 229.96
218 3 1 1 62.43 214.19
218 3 1 1 63.43 226.75
218 3 1 1 64.43 195.43
218 3 1 1 65.43 161.38
218 3 1 1 66.43 195.47
218 3 1 1 67.43 184.41
218 3 1 1 68.43 186.02
218 3 1 1 69.43 157.79
218 3 1 1 70.43 164.03
218 3 1 1 71.71 209.20
218 3 1 1 72.43 145.17
218 3 1 1 73.57 173.60
218 3 1 1 74.43 167.99
218 3 1 1 75.57 143.97
218 3 1 1 76.43 201.50
218 3 1 1 77.43 161.71
218 3 1 1 78.43 168.82
218 3 1 1 79.43 168.36
218 3 1 1 80.43 119.33
218 3 1 1 81.71 139.80
218 3 1 1 82.43 146.69
218 3 1 1 83.43 166.53
218 3 1 1 84.43 102.84
221 3 1 1 30.00 125.79
221 3 1 1 31.00 117.95
221 3 1 1 32.00  97.55
221 3 1 1 33.00 101.71
221 3 1 1 34.00 100.98
221 3 1 1 35.00  90.16
221 3 1 1 36.00  97.00
221 3 1 1 37.00  91.48
221 3 1 1 38.00  79.10
221 3 1 1 39.00  90.41
221 3 1 1 40.00  99.64
221 3 1 1 41.00 106.88
221 3 1 1 42.00 113.89
221 3 1 1 43.00  94.78
221 3 1 1 44.00 127.91
221 3 1 1 45.00 134.65
221 3 1 1 46.00 134.07
221 3 1 1 47.00 119.37
221 3 1 1 48.00 153.46
221 3 1 1 49.14 154.08
221 3 1 1 50.00 161.99
221 3 1 1 51.00 162.10
221 3 1 1 52.00 161.34
221 3 1 1 53.00 186.94
221 3 1 1 54.00 190.20
221 3 1 1 55.00 193.30
221 3 1 1 56.00 205.79
221 3 1 1 57.00 198.67
221 3 1 1 58.00 196.86
221 3 1 1 59.00 176.97
221 3 1 1 60.00 214.56
221 3 1 1 61.00 231.95
221 3 1 1 62.00 214.54
221 3 1 1 63.00 226.17
221 3 1 1 64.00 204.32
221 3 1 1 65.00 209.81
221 3 1 1 66.00 226.70
221 3 1 1 67.00 170.61
221 3 1 1 68.00 201.23
221 3 1 1 69.00 199.91
221 3 1 1 70.00 163.68
221 3 1 1 71.29 213.41
221 3 1 1 72.00 147.51
221 3 1 1 73.14 167.98
221 3 1 1 74.00 171.03
221 3 1 1 75.14 164.80
221 3 1 1 76.00  80.76
221 3 1 1 77.00 108.00
221 3 1 1 78.00 128.34
221 3 1 1 79.00 132.09
221 3 1 1 80.00 116.41
221 3 1 1 81.29 116.28
221 3 1 1 82.00 122.12
221 3 1 1 83.00 119.14
221 3 1 1 84.00 114.78
240 4 1 2 29.14 127.55
240 4 1 2 30.14 126.49
240 4 1 2 31.14 131.60
240 4 1 2 32.14 120.08
240 4 1 2 33.14  94.78
240 4 1 2 34.14  86.07
240 4 1 2 35.14 115.14
240 4 1 2 36.14  98.73
240 4 1 2 37.14  95.24
240 4 1 2 38.14 101.76
240 4 1 2 39.14 111.34
240 4 1 2 40.14 113.90
240 4 1 2 41.14 118.22
240 4 1 2 42.14  92.32
240 4 1 2 43.14 150.38
240 4 1 2 44.14 156.53
240 4 1 2 45.14 167.77
240 4 1 2 46.14 152.13
240 4 1 2 47.14 204.70
240 4 1 2 48.29 207.55
240 4 1 2 49.14 215.70
240 4 1 2 50.14 227.50
240 4 1 2 51.14 211.65
240 4 1 2 52.14 194.20
240 4 1 2 53.14 249.75
240 4 1 2 54.14 300.00
240 4 1 2 55.14 292.72
240 4 1 2 56.14 279.51
240 4 1 2 57.14 236.99
240 4 1 2 58.14 272.68
240 4 1 2 59.14 251.42
240 4 1 2 60.14 248.92
240 4 1 2 61.14 249.18
240 4 1 2 62.14 253.54
240 4 1 2 63.14 213.33
240 4 1 2 64.14 235.09
240 4 1 2 65.14 229.40
240 4 1 2 66.14 197.28
240 4 1 2 67.14 191.17
240 4 1 2 68.14 184.47
240 4 1 2 69.14 117.12
240 4 1 2 70.43  84.71
240 4 1 2 71.14  54.26
240 4 1 2 72.29  59.17
240 4 1 2 73.14  71.70
240 4 1 2 74.29  89.22
240 4 1 2 75.14 100.42
240 4 1 2 76.14  97.01
240 4 1 2 77.14 105.87
240 4 1 2 78.14 119.33
240 4 1 2 79.14  87.86
240 4 1 2 80.43 111.48
240 4 1 2 81.14 114.52
240 4 1 2 82.14 128.03
240 4 1 2 83.14 104.37
244 4 1 2 29.14 135.03
244 4 1 2 30.14 133.86
244 4 1 2 31.14 110.42
244 4 1 2 32.14 114.23
244 4 1 2 33.14 112.80
244 4 1 2 34.14 110.99
244 4 1 2 35.14 120.40
244 4 1 2 36.14 105.87
244 4 1 2 37.14 104.37
244 4 1 2 38.14 109.60
244 4 1 2 39.14 103.38
244 4 1 2 40.14 135.31
244 4 1 2 41.14 140.68
244 4 1 2 42.14  65.64
244 4 1 2 43.14 165.00
244 4 1 2 44.14 176.42
244 4 1 2 45.14 177.48
244 4 1 2 46.14 166.52
244 4 1 2 47.14 195.11
244 4 1 2 48.29 191.99
244 4 1 2 49.14 174.28
244 4 1 2 50.14 199.65
244 4 1 2 51.14 219.37
244 4 1 2 52.14 186.83
244 4 1 2 53.14 231.15
244 4 1 2 54.14 237.76
244 4 1 2 55.14 238.08
244 4 1 2 56.14 222.88
244 4 1 2 57.14 203.88
244 4 1 2 58.14 213.24
244 4 1 2 59.14 227.55
244 4 1 2 60.14 221.19
244 4 1 2 61.14 191.03
244 4 1 2 62.14 181.35
244 4 1 2 63.14 191.92
244 4 1 2 64.14 232.63
244 4 1 2 65.14 199.21
244 4 1 2 66.14 128.49
244 4 1 2 67.14 144.96
244 4 1 2 68.14 175.34
244 4 1 2 69.14 138.53
244 4 1 2 70.43 163.46
244 4 1 2 71.14 113.46
244 4 1 2 72.29 150.32
244 4 1 2 73.14 179.34
244 4 1 2 74.29 190.19
244 4 1 2 75.14 178.57
244 4 1 2 76.14 158.67
244 4 1 2 77.14 159.93
244 4 1 2 78.14 142.62
244 4 1 2 79.14 142.62
244 4 1 2 80.43 140.97
244 4 1 2 81.14 158.98
244 4 1 2 82.14 154.94
244 4 1 2 83.14 139.93
257 4 1 2 28.29 115.73
257 4 1 2 29.29 117.13
257 4 1 2 30.29 111.94
257 4 1 2 31.29 123.94
257 4 1 2 32.29 102.27
257 4 1 2 33.29 110.76
257 4 1 2 34.29 104.84
257 4 1 2 35.29  93.35
257 4 1 2 36.29  94.54
257 4 1 2 37.29 109.83
257 4 1 2 38.29 107.36
257 4 1 2 39.29 116.24
257 4 1 2 40.29 120.21
257 4 1 2 41.29 118.06
257 4 1 2 42.29 145.70
257 4 1 2 43.29 143.54
257 4 1 2 44.29 145.54
257 4 1 2 45.29 135.52
257 4 1 2 46.29 154.39
257 4 1 2 47.43 165.66
257 4 1 2 48.29 184.69
257 4 1 2 49.29 116.35
257 4 1 2 50.29 190.35
257 4 1 2 51.29 193.26
257 4 1 2 52.29 219.10
257 4 1 2 53.29 220.21
257 4 1 2 54.29 231.76
257 4 1 2 55.29 207.67
257 4 1 2 56.29 232.55
257 4 1 2 57.29 229.15
257 4 1 2 58.29 221.58
257 4 1 2 59.29 213.70
257 4 1 2 60.29 140.13
257 4 1 2 61.29 193.99
257 4 1 2 62.29 175.77
257 4 1 2 63.29 154.24
257 4 1 2 64.29 178.85
257 4 1 2 65.29 179.26
257 4 1 2 66.29 166.37
257 4 1 2 67.29 147.85
257 4 1 2 68.29 142.16
257 4 1 2 69.57 186.86
257 4 1 2 70.29 113.23
257 4 1 2 71.43 149.50
257 4 1 2 72.29 152.31
257 4 1 2 73.43 149.24
257 4 1 2 74.29 160.20
257 4 1 2 75.29 145.33
257 4 1 2 76.29 120.03
257 4 1 2 77.29 141.33
257 4 1 2 78.29 131.03
257 4 1 2 79.57 129.85
257 4 1 2 80.29 134.76
257 4 1 2 81.29 154.59
257 4 1 2 82.29 134.32
281 4 1 2 29.14 172.93
281 4 1 2 30.14 165.20
281 4 1 2 31.14 156.31
281 4 1 2 32.14 157.01
281 4 1 2 33.14 160.99
281 4 1 2 34.14 157.13
281 4 1 2 35.14 158.77
281 4 1 2 36.14 153.74
281 4 1 2 37.14 136.07
281 4 1 2 38.14 138.18
281 4 1 2 39.14 147.19
281 4 1 2 40.14 154.91
281 4 1 2 41.14 170.59
281 4 1 2 42.14 147.54
281 4 1 2 43.14 178.78
281 4 1 2 44.14 179.48
281 4 1 2 45.14 190.01
281 4 1 2 46.14 182.99
281 4 1 2 47.14 212.71
281 4 1 2 48.29 216.45
281 4 1 2 49.14 226.28
281 4 1 2 50.14 232.60
281 4 1 2 51.14 247.81
281 4 1 2 52.14 260.33
281 4 1 2 53.14 276.82
281 4 1 2 54.14 281.62
281 4 1 2 55.14 286.77
281 4 1 2 56.14 274.83
281 4 1 2 57.14 253.77
281 4 1 2 58.14 291.92
281 4 1 2 59.14 301.51
281 4 1 2 60.14 313.91
281 4 1 2 61.14 320.00
281 4 1 2 62.14 329.71
281 4 1 2 63.14 293.44
281 4 1 2 64.14 297.18
281 4 1 2 65.14 283.61
281 4 1 2 66.14 263.95
281 4 1 2 67.14 215.16
281 4 1 2 68.14 198.08
281 4 1 2 69.14 182.99
281 4 1 2 70.43 186.38
281 4 1 2 71.14 153.27
281 4 1 2 72.29 163.33
281 4 1 2 73.14 187.79
281 4 1 2 74.29 185.33
281 4 1 2 75.14 180.18
281 4 1 2 76.14 184.74
281 4 1 2 77.14 185.33
281 4 1 2 78.14 176.32
281 4 1 2 79.14 154.91
281 4 1 2 80.43 149.76
281 4 1 2 81.14 149.29
281 4 1 2 82.14   0.00
281 4 1 2 83.14   0.00
298 4 1 2 29.00 117.72
298 4 1 2 30.00 118.89
298 4 1 2 31.00 118.38
298 4 1 2 32.00 104.05
298 4 1 2 33.00 102.27
298 4 1 2 34.00  99.06
298 4 1 2 35.00 100.16
298 4 1 2 36.00  95.69
298 4 1 2 37.00  93.37
298 4 1 2 38.00  99.77
298 4 1 2 39.00 109.58
298 4 1 2 40.00 116.83
298 4 1 2 41.00 114.71
298 4 1 2 42.00 116.54
298 4 1 2 43.00 143.24
298 4 1 2 44.00 151.26
298 4 1 2 45.00 151.74
298 4 1 2 46.00 135.17
298 4 1 2 47.00 176.74
298 4 1 2 48.14 181.69
298 4 1 2 49.00 194.99
298 4 1 2 50.00 199.42
298 4 1 2 51.00 217.15
298 4 1 2 52.00 223.10
298 4 1 2 53.00 238.29
298 4 1 2 54.00 251.68
298 4 1 2 55.00 252.12
298 4 1 2 56.00 232.48
298 4 1 2 57.00 243.90
298 4 1 2 58.00 240.62
298 4 1 2 59.00 220.53
298 4 1 2 60.00 236.75
298 4 1 2 61.00 228.47
298 4 1 2 62.00 239.74
298 4 1 2 63.00 213.10
298 4 1 2 64.00 226.66
298 4 1 2 65.00 240.28
298 4 1 2 66.00 230.74
298 4 1 2 67.00 221.82
298 4 1 2 68.00 216.17
298 4 1 2 69.00 179.36
298 4 1 2 70.29 155.73
298 4 1 2 71.00  78.48
298 4 1 2 72.14  95.56
298 4 1 2 73.00 132.19
298 4 1 2 74.14 136.83
298 4 1 2 75.00 136.22
298 4 1 2 76.00 135.03
298 4 1 2 77.00 123.66
298 4 1 2 78.00 143.67
298 4 1 2 79.00 130.45
298 4 1 2 80.29 124.82
298 4 1 2 81.00 140.26
298 4 1 2 82.00 141.02
298 4 1 2 83.00 110.92
202 3 2 3 33.57 102.63
202 3 2 3 34.57  87.53
202 3 2 3 35.57  70.53
202 3 2 3 36.57 109.20
202 3 2 3 37.57 114.20
202 3 2 3 38.57 114.03
202 3 2 3 39.57 107.76
202 3 2 3 40.57  97.91
202 3 2 3 41.57  97.23
202 3 2 3 42.57 114.05
202 3 2 3 43.57 100.57
202 3 2 3 44.57 124.08
202 3 2 3 45.57 138.34
202 3 2 3 46.57  98.05
202 3 2 3 47.57 165.94
202 3 2 3 48.57 165.18
202 3 2 3 49.57 183.80
202 3 2 3 50.57 176.47
202 3 2 3 51.57 216.40
202 3 2 3 52.71 182.39
202 3 2 3 53.57 222.83
202 3 2 3 54.57 220.25
202 3 2 3 55.57 220.89
202 3 2 3 56.57 220.52
202 3 2 3 57.57 240.28
202 3 2 3 58.57 231.32
202 3 2 3 59.57 246.74
202 3 2 3 60.57 228.73
202 3 2 3 61.57 253.72
202 3 2 3 62.57 253.49
202 3 2 3 63.57 252.47
202 3 2 3 64.57 238.97
202 3 2 3 65.57 242.39
202 3 2 3 66.57 248.75
202 3 2 3 67.57 227.49
202 3 2 3 68.57 229.94
202 3 2 3 69.57 223.31
202 3 2 3 70.57 217.64
202 3 2 3 71.57 227.44
202 3 2 3 72.57 208.69
202 3 2 3 73.57 157.60
202 3 2 3 74.86 199.37
202 3 2 3 75.57 172.55
202 3 2 3 76.71 173.72
202 3 2 3 77.57 188.23
202 3 2 3 78.71 172.99
202 3 2 3 79.57 182.67
202 3 2 3 80.57 167.44
202 3 2 3 81.57 159.81
202 3 2 3 82.57 150.22
202 3 2 3 83.57 146.13
202 3 2 3 84.86 142.49
202 3 2 3 85.57 138.62
202 3 2 3 86.57 133.53
202 3 2 3 87.57 116.42
205 3 2 3 32.57 102.98
205 3 2 3 33.57 104.38
205 3 2 3 34.57 104.46
205 3 2 3 35.57 105.92
205 3 2 3 36.57  93.14
205 3 2 3 37.57  90.40
205 3 2 3 38.57 103.67
205 3 2 3 39.57  98.61
205 3 2 3 40.57 106.59
205 3 2 3 41.57  97.78
205 3 2 3 42.57 113.79
205 3 2 3 43.57 117.64
205 3 2 3 44.57 133.31
205 3 2 3 45.57 100.51
205 3 2 3 46.57 143.12
205 3 2 3 47.57 157.23
205 3 2 3 48.57 146.47
205 3 2 3 49.57 136.10
205 3 2 3 50.57 170.77
205 3 2 3 51.71 159.69
205 3 2 3 52.57 168.78
205 3 2 3 53.57 155.08
205 3 2 3 54.57 178.42
205 3 2 3 55.57 168.11
205 3 2 3 56.57 211.03
205 3 2 3 57.57 213.66
205 3 2 3 58.57 206.73
205 3 2 3 59.57 184.04
205 3 2 3 60.57 214.65
205 3 2 3 61.57 201.31
205 3 2 3 62.57 188.47
205 3 2 3 63.57 181.29
205 3 2 3 64.57 184.59
205 3 2 3 65.57 189.31
205 3 2 3 66.57 171.80
205 3 2 3 67.57 180.33
205 3 2 3 68.57 166.33
205 3 2 3 69.57 168.15
205 3 2 3 70.57 186.02
205 3 2 3 71.57 182.60
205 3 2 3 72.57 168.13
205 3 2 3 73.86 196.10
205 3 2 3 74.57 150.43
205 3 2 3 75.71 152.19
205 3 2 3 76.57 149.97
205 3 2 3 77.71 152.98
205 3 2 3 78.57 154.35
205 3 2 3 79.57 143.57
205 3 2 3 80.57 113.13
205 3 2 3 81.57 124.72
205 3 2 3 82.57 119.45
205 3 2 3 83.86 146.82
205 3 2 3 84.57 127.15
205 3 2 3 85.57 144.77
205 3 2 3 86.57 103.55
206 3 2 3 32.00 105.20
206 3 2 3 33.00  95.95
206 3 2 3 34.00  88.54
206 3 2 3 35.00  82.87
206 3 2 3 36.00  86.36
206 3 2 3 37.00  99.76
206 3 2 3 38.00  91.38
206 3 2 3 39.00  84.22
206 3 2 3 40.00  83.31
206 3 2 3 41.00  66.43
206 3 2 3 42.00  99.75
206 3 2 3 43.00 100.56
206 3 2 3 44.00  77.97
206 3 2 3 45.00  92.44
206 3 2 3 46.00 113.41
206 3 2 3 47.00 130.79
206 3 2 3 48.00 144.84
206 3 2 3 49.00 113.87
206 3 2 3 50.00 160.24
206 3 2 3 51.14 153.26
206 3 2 3 52.00 161.88
206 3 2 3 53.00 162.10
206 3 2 3 54.00 182.28
206 3 2 3 55.00 195.60
206 3 2 3 56.00 178.73
206 3 2 3 57.00 169.08
206 3 2 3 58.00 176.77
206 3 2 3 59.00 174.80
206 3 2 3 60.00 178.73
206 3 2 3 61.00 177.21
206 3 2 3 62.00 172.33
206 3 2 3 63.00 156.61
206 3 2 3 64.00 149.73
206 3 2 3 65.00 174.33
206 3 2 3 66.00 158.93
206 3 2 3 67.00 164.77
206 3 2 3 68.00 180.37
206 3 2 3 69.00 173.77
206 3 2 3 70.00 171.28
206 3 2 3 71.00 168.09
206 3 2 3 72.00 137.71
206 3 2 3 73.29 201.95
206 3 2 3 74.00 154.41
206 3 2 3 75.14 153.83
206 3 2 3 76.00 151.96
206 3 2 3 77.14 141.63
206 3 2 3 78.00 181.85
206 3 2 3 79.00 143.69
206 3 2 3 80.00 145.42
206 3 2 3 81.00 156.89
206 3 2 3 82.00 117.35
206 3 2 3 83.29 136.40
206 3 2 3 84.00 147.51
206 3 2 3 85.00 132.25
206 3 2 3 86.00 112.32
209 3 2 3 30.43 110.35
209 3 2 3 31.43  95.14
209 3 2 3 32.43  92.99
209 3 2 3 33.43  72.34
209 3 2 3 34.43  81.68
209 3 2 3 35.43  78.93
209 3 2 3 36.43  82.96
209 3 2 3 37.43  82.59
209 3 2 3 38.43  82.02
209 3 2 3 39.43  89.36
209 3 2 3 40.43  85.13
209 3 2 3 41.43  91.55
209 3 2 3 42.43  90.26
209 3 2 3 43.43 105.66
209 3 2 3 44.43 121.13
209 3 2 3 45.43 110.43
209 3 2 3 46.43 131.15
209 3 2 3 47.43 111.42
209 3 2 3 48.43 140.59
209 3 2 3 49.57 128.34
209 3 2 3 50.43 152.52
209 3 2 3 51.43 147.82
209 3 2 3 52.43 155.60
209 3 2 3 53.43 160.62
209 3 2 3 54.43 154.75
209 3 2 3 55.43 134.56
209 3 2 3 56.43 168.23
209 3 2 3 57.43 178.54
209 3 2 3 58.43 180.95
209 3 2 3 59.43 152.75
209 3 2 3 60.43 152.44
209 3 2 3 61.43 148.65
209 3 2 3 62.43 150.78
209 3 2 3 63.43 153.86
209 3 2 3 64.43 148.86
209 3 2 3 65.43 133.06
209 3 2 3 66.43 143.05
209 3 2 3 67.43 152.94
209 3 2 3 68.43 158.88
209 3 2 3 69.43 158.03
209 3 2 3 70.43 112.32
209 3 2 3 71.71 152.69
209 3 2 3 72.43 126.80
209 3 2 3 73.57 129.73
209 3 2 3 74.43 104.46
209 3 2 3 75.57 126.77
209 3 2 3 76.43 143.12
209 3 2 3 77.43 104.26
209 3 2 3 78.43 103.06
209 3 2 3 79.43 112.67
209 3 2 3 80.43  92.31
209 3 2 3 81.71 105.63
209 3 2 3 82.43  93.46
209 3 2 3 83.43  95.98
209 3 2 3 84.43  88.69
215 3 2 3 31.00  94.90
215 3 2 3 32.00  79.34
215 3 2 3 33.00  84.68
215 3 2 3 34.00  79.48
215 3 2 3 35.00  73.72
215 3 2 3 36.00  75.54
215 3 2 3 37.00  75.24
215 3 2 3 38.00  68.08
215 3 2 3 39.00  70.32
215 3 2 3 40.00  70.99
215 3 2 3 41.00  76.94
215 3 2 3 42.00  80.20
215 3 2 3 43.00  80.66
215 3 2 3 44.00  67.40
215 3 2 3 45.00  92.23
215 3 2 3 46.00 101.54
215 3 2 3 47.00  95.81
215 3 2 3 48.00  82.64
215 3 2 3 49.00 123.62
215 3 2 3 50.14 114.77
215 3 2 3 51.00 126.31
215 3 2 3 52.00 119.04
215 3 2 3 53.00 129.51
215 3 2 3 54.00 127.98
215 3 2 3 55.00 151.71
215 3 2 3 56.00 142.87
215 3 2 3 57.00 152.20
215 3 2 3 58.00 152.33
215 3 2 3 59.00 147.25
215 3 2 3 60.00 144.10
215 3 2 3 61.00 137.23
215 3 2 3 62.00 130.40
215 3 2 3 63.00 130.30
215 3 2 3 64.00 142.51
215 3 2 3 65.00 136.23
215 3 2 3 66.00 140.32
215 3 2 3 67.00 140.71
215 3 2 3 68.00 149.31
215 3 2 3 69.00 160.05
215 3 2 3 70.00 187.63
215 3 2 3 71.00 121.21
215 3 2 3 72.29 174.92
215 3 2 3 73.00 142.59
215 3 2 3 74.14 135.58
215 3 2 3 75.00 132.77
215 3 2 3 76.14 132.86
215 3 2 3 77.00 133.88
215 3 2 3 78.00 127.78
215 3 2 3 79.00 116.40
215 3 2 3 80.00 111.73
215 3 2 3 81.00 104.71
215 3 2 3 82.29  97.91
215 3 2 3 83.00 105.86
215 3 2 3 84.00  92.35
215 3 2 3 85.00  74.41
250 4 2 4 28.29 105.78
250 4 2 4 29.29  90.57
250 4 2 4 30.29  98.72
250 4 2 4 31.29 129.32
250 4 2 4 32.29  99.23
250 4 2 4 33.29 102.10
250 4 2 4 34.29 100.98
250 4 2 4 35.29  99.55
250 4 2 4 36.29 104.02
250 4 2 4 37.29 110.07
250 4 2 4 38.29 110.52
250 4 2 4 39.29 115.07
250 4 2 4 40.29 124.42
250 4 2 4 41.29  84.83
250 4 2 4 42.29 150.26
250 4 2 4 43.29 148.45
250 4 2 4 44.29 181.57
250 4 2 4 45.29 177.17
250 4 2 4 46.29 186.92
250 4 2 4 47.43 179.00
250 4 2 4 48.29 201.30
250 4 2 4 49.29 198.95
250 4 2 4 50.29 205.10
250 4 2 4 51.29 196.30
250 4 2 4 52.29 190.43
250 4 2 4 53.29 179.14
250 4 2 4 54.29 202.05
250 4 2 4 55.29 185.68
250 4 2 4 56.29 193.35
250 4 2 4 57.29 188.79
250 4 2 4 58.29 194.91
250 4 2 4 59.29 189.25
250 4 2 4 60.29 209.63
250 4 2 4 61.29 212.71
250 4 2 4 62.29 178.46
250 4 2 4 63.29 185.71
250 4 2 4 64.29 183.18
250 4 2 4 65.29 181.72
250 4 2 4 66.29 177.60
250 4 2 4 67.29 179.67
250 4 2 4 68.29 153.39
250 4 2 4 69.57 155.85
250 4 2 4 70.29  96.85
250 4 2 4 71.43 136.98
250 4 2 4 72.29 161.91
250 4 2 4 73.43 155.32
250 4 2 4 74.29 160.90
250 4 2 4 75.29 161.24
250 4 2 4 76.29 143.78
250 4 2 4 77.29 133.49
250 4 2 4 78.29 149.99
250 4 2 4 79.57 148.34
250 4 2 4 80.29 133.47
250 4 2 4 81.29 150.97
250 4 2 4 82.29 124.96
255 4 2 4 29.14 104.61
255 4 2 4 30.14  96.89
255 4 2 4 31.14  93.22
255 4 2 4 32.14  90.59
255 4 2 4 33.14  84.02
255 4 2 4 34.14  85.48
255 4 2 4 35.14  84.01
255 4 2 4 36.14  76.85
255 4 2 4 37.14  69.27
255 4 2 4 38.14  83.04
255 4 2 4 39.14  81.85
255 4 2 4 40.14  88.28
255 4 2 4 41.14  89.91
255 4 2 4 42.14  91.62
255 4 2 4 43.14 109.31
255 4 2 4 44.14 108.44
255 4 2 4 45.14 112.89
255 4 2 4 46.14 111.18
255 4 2 4 47.14 129.12
255 4 2 4 48.29 115.82
255 4 2 4 49.14 133.21
255 4 2 4 50.14 134.84
255 4 2 4 51.14 138.52
255 4 2 4 52.14 150.09
255 4 2 4 53.14 146.32
255 4 2 4 54.14 104.73
255 4 2 4 55.14 111.49
255 4 2 4 56.14 115.83
255 4 2 4 57.14 151.47
255 4 2 4 58.14 160.48
255 4 2 4 59.14 156.88
255 4 2 4 60.14 154.85
255 4 2 4 61.14 151.25
255 4 2 4 62.14 160.65
255 4 2 4 63.14 147.34
255 4 2 4 64.14 146.87
255 4 2 4 65.14 151.24
255 4 2 4 66.14 158.79
255 4 2 4 67.14 153.96
255 4 2 4 68.14 162.71
255 4 2 4 69.14 146.48
255 4 2 4 70.43 178.55
255 4 2 4 71.14 127.50
255 4 2 4 72.29 153.94
255 4 2 4 73.14 157.34
255 4 2 4 74.29 158.60
255 4 2 4 75.14 153.65
255 4 2 4 76.14 138.89
255 4 2 4 77.14 143.90
255 4 2 4 78.14 146.95
255 4 2 4 79.14  88.33
255 4 2 4 80.43 108.67
255 4 2 4 81.14 125.40
255 4 2 4 82.14 116.80
255 4 2 4 83.14 108.93
263 4 2 4 29.14 127.43
263 4 2 4 30.14 115.49
263 4 2 4 31.14 114.75
263 4 2 4 32.14 104.63
263 4 2 4 33.14 106.71
263 4 2 4 34.14 103.74
263 4 2 4 35.14 104.14
263 4 2 4 36.14  96.04
263 4 2 4 37.14  95.36
263 4 2 4 38.14  99.19
263 4 2 4 39.14  93.20
263 4 2 4 40.14  99.28
263 4 2 4 41.14 100.67
263 4 2 4 42.14 111.74
263 4 2 4 43.14 134.58
263 4 2 4 44.14 135.93
263 4 2 4 45.14 146.47
263 4 2 4 46.14 144.76
263 4 2 4 47.14 164.92
263 4 2 4 48.29 161.33
263 4 2 4 49.14 163.28
263 4 2 4 50.14 177.31
263 4 2 4 51.14 182.05
263 4 2 4 52.14 180.98
263 4 2 4 53.14 182.13
263 4 2 4 54.14 181.95
263 4 2 4 55.14 206.73
263 4 2 4 56.14 196.79
263 4 2 4 57.14 191.95
263 4 2 4 58.14 201.89
263 4 2 4 59.14 198.53
263 4 2 4 60.14 205.51
263 4 2 4 61.14 197.11
263 4 2 4 62.14 215.40
263 4 2 4 63.14 198.47
263 4 2 4 64.14 197.88
263 4 2 4 65.14 196.17
263 4 2 4 66.14 199.62
263 4 2 4 67.14 190.70
263 4 2 4 68.14 185.17
263 4 2 4 69.14 172.69
263 4 2 4 70.43 211.78
263 4 2 4 71.14 165.88
263 4 2 4 72.29 179.57
263 4 2 4 73.14 182.15
263 4 2 4 74.29 181.53
263 4 2 4 75.14 187.23
263 4 2 4 76.14 170.25
263 4 2 4 77.14 158.64
263 4 2 4 78.14 155.49
263 4 2 4 79.14 156.07
263 4 2 4 80.43 147.28
263 4 2 4 81.14 155.70
263 4 2 4 82.14 139.62
263 4 2 4 83.14 110.10
271 4 2 4 29.14 113.39
271 4 2 4 30.14 107.30
271 4 2 4 31.14  99.54
271 4 2 4 32.14 100.42
271 4 2 4 33.14 101.33
271 4 2 4 34.14  96.01
271 4 2 4 35.14  92.20
271 4 2 4 36.14  92.30
271 4 2 4 37.14  87.64
271 4 2 4 38.14  97.08
271 4 2 4 39.14  95.54
271 4 2 4 40.14 109.45
271 4 2 4 41.14 103.13
271 4 2 4 42.14  98.75
271 4 2 4 43.14 129.08
271 4 2 4 44.14 128.80
271 4 2 4 45.14 157.82
271 4 2 4 46.14 161.03
271 4 2 4 47.14 175.10
271 4 2 4 48.29 182.28
271 4 2 4 49.14 203.06
271 4 2 4 50.14 203.87
271 4 2 4 51.14 209.78
271 4 2 4 52.14 186.48
271 4 2 4 53.14 205.53
271 4 2 4 54.14 180.90
271 4 2 4 55.14 185.90
271 4 2 4 56.14 188.95
271 4 2 4 57.14 182.59
271 4 2 4 58.14 193.24
271 4 2 4 59.14 195.84
271 4 2 4 60.14 184.10
271 4 2 4 61.14 184.36
271 4 2 4 62.14 188.84
271 4 2 4 63.14 174.49
271 4 2 4 64.14 173.08
271 4 2 4 65.14 172.77
271 4 2 4 66.14 172.01
271 4 2 4 67.14 161.22
271 4 2 4 68.14 163.99
271 4 2 4 69.14 145.78
271 4 2 4 70.43 178.78
271 4 2 4 71.14 151.95
271 4 2 4 72.29 167.17
271 4 2 4 73.14 171.50
271 4 2 4 74.29 159.77
271 4 2 4 75.14 174.01
271 4 2 4 76.14 164.87
271 4 2 4 77.14 166.24
271 4 2 4 78.14 164.85
271 4 2 4 79.14 129.16
271 4 2 4 80.43 163.66
271 4 2 4 81.14 155.70
271 4 2 4 82.14 137.63
271 4 2 4 83.14 130.34
293 4 2 4 29.14 105.55
293 4 2 4 30.14 106.95
293 4 2 4 31.14  95.45
293 4 2 4 32.14  85.56
293 4 2 4 33.14  95.01
293 4 2 4 34.14 100.34
293 4 2 4 35.14  99.57
293 4 2 4 36.14  94.52
293 4 2 4 37.14  91.73
293 4 2 4 38.14 102.58
293 4 2 4 39.14 105.60
293 4 2 4 40.14 108.75
293 4 2 4 41.14 115.06
293 4 2 4 42.14 121.22
293 4 2 4 43.14 130.96
293 4 2 4 44.14 126.92
293 4 2 4 45.14 141.09
293 4 2 4 46.14 140.67
293 4 2 4 47.14 158.84
293 4 2 4 48.29 137.35
293 4 2 4 49.14 148.89
293 4 2 4 50.14 148.17
293 4 2 4 51.14 152.80
293 4 2 4 52.14 151.02
293 4 2 4 53.14 158.96
293 4 2 4 54.14 154.34
293 4 2 4 55.14 159.46
293 4 2 4 56.14 174.91
293 4 2 4 57.14 162.46
293 4 2 4 58.14 160.12
293 4 2 4 59.14 161.21
293 4 2 4 60.14 156.25
293 4 2 4 61.14 170.20
293 4 2 4 62.14 162.17
293 4 2 4 63.14 144.42
293 4 2 4 64.14 142.54
293 4 2 4 65.14 143.05
293 4 2 4 66.14 148.61
293 4 2 4 67.14 144.37
293 4 2 4 68.14 151.24
293 4 2 4 69.14  98.87
293 4 2 4 70.43 143.45
293 4 2 4 71.14 158.39
293 4 2 4 72.29 147.28
293 4 2 4 73.14 141.20
293 4 2 4 74.29 128.88
293 4 2 4 75.14 125.34
293 4 2 4 76.14 118.18
293 4 2 4 77.14 108.91
293 4 2 4 78.14 151.51
293 4 2 4 79.14 131.97
293 4 2 4 80.43 125.17
293 4 2 4 81.14 138.74
293 4 2 4 82.14 128.27
293 4 2 4 83.14 121.92
